1 0
2 510500
3 0
4 0
5 0
6 10000
7 513800
8 513000
9 515500
10 0
11 0
12 0
13 0
14 0
15 0
16 514800
17 517100
18 0
19 0
20 0
21 0
22 0
23 0
24 0
25 0
26 0
27 0
28 0
29 0
30 0
31 0
32 0
33 0
34 0
35 0
36 0
37 0
38 0
39 997200
40 0
41 996600
42 0
43 997300
44 0
45 997500
46 0
47 0
48 574300
49 0
50 0
51 0
52 0
53 0
54 0
55 0
56 0
57 0
58 0
59 0
60 0
61 556100
62 516700
63 524100
64 0
65 0
66 0
67 0
68 0
69 0
70 0
71 545800
72 0
73 0
74 0
75 516300
76 0
77 0
78 0
79 0
80 0
81 0
82 0
83 0
84 507200
85 520100
86 0
87 515100
88 0
89 0
90 0
91 0
92 0
93 0
94 0
95 0
96 513500
97 539800
98 0
99 0
100 0
